xof 0303txt 0032
template ColorRGBA {
 <35ff44e0-6c7c-11cf-8f52-0040333594a3>
 FLOAT red;
 FLOAT green;
 FLOAT blue;
 FLOAT alpha;
}

template ColorRGB {
 <d3e16e81-7835-11cf-8f52-0040333594a3>
 FLOAT red;
 FLOAT green;
 FLOAT blue;
}

template Material {
 <3d82ab4d-62da-11cf-ab39-0020af71e433>
 ColorRGBA faceColor;
 FLOAT power;
 ColorRGB specularColor;
 ColorRGB emissiveColor;
 [...]
}

template TextureFilename {
 <a42790e1-7810-11cf-8f52-0040333594a3>
 STRING filename;
}

template Frame {
 <3d82ab46-62da-11cf-ab39-0020af71e433>
 [...]
}

template Matrix4x4 {
 <f6f23f45-7686-11cf-8f52-0040333594a3>
 array FLOAT matrix[16];
}

template FrameTransformMatrix {
 <f6f23f41-7686-11cf-8f52-0040333594a3>
 Matrix4x4 frameMatrix;
}

template Vector {
 <3d82ab5e-62da-11cf-ab39-0020af71e433>
 FLOAT x;
 FLOAT y;
 FLOAT z;
}

template MeshFace {
 <3d82ab5f-62da-11cf-ab39-0020af71e433>
 DWORD nFaceVertexIndices;
 array DWORD faceVertexIndices[nFaceVertexIndices];
}

template Mesh {
 <3d82ab44-62da-11cf-ab39-0020af71e433>
 DWORD nVertices;
 array Vector vertices[nVertices];
 DWORD nFaces;
 array MeshFace faces[nFaces];
 [...]
}

template MeshNormals {
 <f6f23f43-7686-11cf-8f52-0040333594a3>
 DWORD nNormals;
 array Vector normals[nNormals];
 DWORD nFaceNormals;
 array MeshFace faceNormals[nFaceNormals];
}

template MeshMaterialList {
 <f6f23f42-7686-11cf-8f52-0040333594a3>
 DWORD nMaterials;
 DWORD nFaceIndexes;
 array DWORD faceIndexes[nFaceIndexes];
 [Material <3d82ab4d-62da-11cf-ab39-0020af71e433>]
}

template Coords2d {
 <f6f23f44-7686-11cf-8f52-0040333594a3>
 FLOAT u;
 FLOAT v;
}

template MeshTextureCoords {
 <f6f23f40-7686-11cf-8f52-0040333594a3>
 DWORD nTextureCoords;
 array Coords2d textureCoords[nTextureCoords];
}

template XSkinMeshHeader {
 <3cf169ce-ff7c-44ab-93c0-f78f62d172e2>
 WORD nMaxSkinWeightsPerVertex;
 WORD nMaxSkinWeightsPerFace;
 WORD nBones;
}

template SkinWeights {
 <6f0d123b-bad2-4167-a0d0-80224f25fabb>
 STRING transformNodeName;
 DWORD nWeights;
 array DWORD vertexIndices[nWeights];
 array FLOAT weights[nWeights];
 Matrix4x4 matrixOffset;
}

template AnimTicksPerSecond {
 <9e415a43-7ba6-4a73-8743-b73d47e88476>
 DWORD AnimTicksPerSecond;
}

template Animation {
 <3d82ab4f-62da-11cf-ab39-0020af71e433>
 [...]
}

template AnimationSet {
 <3d82ab50-62da-11cf-ab39-0020af71e433>
 [Animation <3d82ab4f-62da-11cf-ab39-0020af71e433>]
}

template FloatKeys {
 <10dd46a9-775b-11cf-8f52-0040333594a3>
 DWORD nValues;
 array FLOAT values[nValues];
}

template TimedFloatKeys {
 <f406b180-7b3b-11cf-8f52-0040333594a3>
 DWORD time;
 FloatKeys tfkeys;
}

template AnimationKey {
 <10dd46a8-775b-11cf-8f52-0040333594a3>
 DWORD keyType;
 DWORD nKeys;
 array TimedFloatKeys keys[nKeys];
}


Material _09_-_Default {
 1.000000;1.000000;1.000000;0.870000;;
 9.999999;
 0.000000;0.000000;0.000000;;
 0.000000;0.000000;0.000000;;

 TextureFilename {
  "check.png";
 }
}

Frame Bip001 {
 

 FrameTransformMatrix {
  -0.321865,-0.016774,-0.946637,0.000000,-0.274255,0.958628,0.076263,0.000000,0.906194,0.284167,-0.313149,0.000000,-3.237108,92.810758,-0.779892,1.000000;;
 }

 Frame Bip001_Pelvis {
  

  FrameTransformMatrix {
   0.000000,1.000000,-0.000001,0.000000,-0.000001,0.000001,1.000000,0.000000,1.000000,0.000000,0.000001,0.000000,0.000000,0.000000,0.000000,1.000000;;
  }

  Frame Bip001_Spine {
   

   FrameTransformMatrix {
    0.996127,0.003298,0.087870,0.000000,-0.020048,0.981496,0.190432,0.000000,-0.085616,-0.191456,0.977760,0.000000,10.049362,0.001858,-0.009399,1.000000;;
   }

   Frame Bip001_Spine1 {
    

    FrameTransformMatrix {
     0.996196,0.003297,0.087077,0.000000,-0.019895,0.981497,0.190444,0.000000,-0.084838,-0.191452,0.977829,0.000000,12.078071,0.001839,-0.009401,1.000000;;
    }

    Frame Bip001_Spine2 {
     

     FrameTransformMatrix {
      0.996196,0.003297,0.087077,0.000000,-0.019895,0.981497,0.190444,0.000000,-0.084838,-0.191452,0.977829,0.000000,12.078087,0.001842,-0.009405,1.000000;;
     }

     Frame Bip001_Spine3 {
      

      FrameTransformMatrix {
       0.996196,0.003297,0.087077,0.000000,-0.019895,0.981497,0.190444,0.000000,-0.084838,-0.191452,0.977829,0.000000,12.078094,0.001839,-0.009407,1.000000;;
      }

      Frame Bip001_Neck {
       

       FrameTransformMatrix {
        1.000000,0.000000,-0.000000,0.000000,-0.000000,1.000000,0.000000,0.000000,0.000000,0.000000,1.000000,0.000000,12.077263,0.000000,-0.006714,1.000000;;
       }

       Frame Bip001_L_Clavicle {
        

        FrameTransformMatrix {
         -0.233393,0.963788,-0.128999,0.000000,0.972382,0.231223,-0.031767,0.000000,-0.000789,-0.132851,-0.991136,0.000000,0.000015,3.058254,0.006699,1.000000;;
        }

        Frame Bip001_L_UpperArm {
         

         FrameTransformMatrix {
          -0.332776,0.236973,-0.912745,0.000000,0.633638,0.773035,-0.030317,0.000000,0.698400,-0.588439,-0.407403,0.000000,16.411598,0.000000,0.000008,1.000000;;
         }

         Frame Bip001_L_Forearm {
          

          FrameTransformMatrix {
           0.980067,-0.000000,-0.198669,0.000000,0.000000,1.000000,0.000000,0.000000,0.198669,-0.000000,0.980067,0.000000,26.355699,0.000008,-0.000008,1.000000;;
          }

          Frame Bip001_L_Hand {
           

           FrameTransformMatrix {
            1.000000,0.000000,-0.000000,0.000000,0.000000,0.567769,0.823188,0.000000,0.000000,-0.823188,0.567769,0.000000,26.213573,0.000000,-0.000015,1.000000;;
           }

           Frame Bip001_L_Finger0 {
            

            FrameTransformMatrix {
             0.571638,0.203417,0.794891,0.000000,0.807607,-0.310599,-0.501299,0.000000,0.144920,0.928520,-0.341831,0.000000,5.725151,-3.222424,2.070404,1.000000;;
            }

            Frame Bip001_L_Finger01 {
             

             FrameTransformMatrix {
              0.939373,-0.000000,0.342898,0.000000,-0.000000,1.000000,-0.000000,0.000000,-0.342898,0.000000,0.939373,0.000000,2.730576,0.000015,0.000004,1.000000;;
             }
            }
           }

           Frame Bip001_L_Finger1 {
            

            FrameTransformMatrix {
             0.035865,-0.015089,0.999243,0.000000,0.100257,0.994896,0.011425,0.000000,-0.994315,0.099771,0.037195,0.000000,11.242614,-3.324722,-0.896835,1.000000;;
            }

            Frame Bip001_L_Finger11 {
             

             FrameTransformMatrix {
              0.394783,-0.000000,0.918774,0.000000,-0.000000,1.000000,-0.000000,0.000000,-0.918774,0.000000,0.394783,0.000000,3.276718,0.000006,-0.000008,1.000000;;
             }
            }
           }

           Frame Bip001_L_Finger2 {
            

            FrameTransformMatrix {
             -0.010101,-0.001689,0.999948,0.000000,-0.088042,0.996117,0.000793,0.000000,-0.996066,-0.088029,-0.010211,0.000000,11.180092,-0.559177,-1.154022,1.000000;;
            }

            Frame Bip001_L_Finger21 {
             

             FrameTransformMatrix {
              0.394783,-0.000000,0.918774,0.000000,0.000000,1.000000,0.000000,0.000000,-0.918774,0.000000,0.394783,0.000000,3.822815,0.000000,0.000008,1.000000;;
             }
            }
           }

           Frame Bip001_L_Finger3 {
            

            FrameTransformMatrix {
             -0.069789,-0.023996,0.997273,0.000000,-0.315476,0.948933,0.000756,0.000000,-0.946364,-0.314563,-0.073795,0.000000,11.107712,1.884806,-0.912628,1.000000;;
            }

            Frame Bip001_L_Finger31 {
             

             FrameTransformMatrix {
              0.394783,0.000000,0.918774,0.000000,-0.000000,1.000000,0.000000,0.000000,-0.918774,0.000000,0.394783,0.000000,3.276703,0.000000,0.000004,1.000000;;
             }
            }
           }

           Frame Bip001_L_Finger4 {
            

            FrameTransformMatrix {
             -0.145845,-0.045875,0.988243,0.000000,-0.295358,0.955387,0.000761,0.000000,-0.944189,-0.291774,-0.152888,0.000000,10.854774,4.349617,0.126114,1.000000;;
            }

            Frame Bip001_L_Finger41 {
             

             FrameTransformMatrix {
              0.394783,0.000000,0.918774,0.000000,0.000000,1.000000,-0.000000,0.000000,-0.918775,0.000000,0.394783,0.000000,2.109482,-0.000008,0.000008,1.000000;;
             }
            }
           }
          }
         }
        }
       }

       Frame Bip001_R_Clavicle {
        

        FrameTransformMatrix {
         -0.233470,-0.945980,-0.224977,0.000000,-0.972364,0.226950,0.054793,0.000000,-0.000775,0.231552,-0.972822,0.000000,0.000000,-3.058255,0.006721,1.000000;;
        }

        Frame Bip001_R_UpperArm {
         

         FrameTransformMatrix {
          0.407927,0.903989,-0.128063,0.000000,-0.494197,0.336559,0.801560,0.000000,0.767702,-0.263689,0.584040,0.000000,16.411602,-0.000015,-0.000008,1.000000;;
         }

         Frame Bip001_R_Forearm {
          

          FrameTransformMatrix {
           0.650375,-0.000000,-0.759613,0.000000,0.000000,1.000000,0.000000,0.000000,0.759613,0.000000,0.650375,0.000000,26.355714,0.000000,0.000000,1.000000;;
          }

          Frame Bip001_R_Hand {
           

           FrameTransformMatrix {
            1.000000,0.000000,-0.000000,0.000000,0.000000,0.000796,-1.000000,0.000000,0.000000,1.000000,0.000796,0.000000,26.213562,-0.000002,-0.000004,1.000000;;
           }

           Frame Bip001_R_Finger0 {
            

            FrameTransformMatrix {
             0.571638,-0.203417,0.794891,0.000000,-0.807607,-0.310599,0.501299,0.000000,0.144920,-0.928520,-0.341831,0.000000,5.725159,3.222427,2.070392,1.000000;;
            }

            Frame Bip001_R_Finger01 {
             

             FrameTransformMatrix {
              0.939373,0.000000,0.342898,0.000000,0.000000,1.000000,0.000000,0.000000,-0.342898,-0.000000,0.939373,0.000000,2.730583,0.000000,0.000000,1.000000;;
             }
            }
           }

           Frame Bip001_R_Finger1 {
            

            FrameTransformMatrix {
             0.035865,0.015089,0.999243,0.000000,-0.100257,0.994896,-0.011425,0.000000,-0.994315,-0.099771,0.037195,0.000000,11.242622,3.324718,-0.896841,1.000000;;
            }

            Frame Bip001_R_Finger11 {
             

             FrameTransformMatrix {
              0.394783,-0.000000,0.918774,0.000000,0.000000,1.000000,0.000000,0.000000,-0.918774,0.000000,0.394783,0.000000,3.276701,0.000000,0.000008,1.000000;;
             }
            }
           }

           Frame Bip001_R_Finger2 {
            

            FrameTransformMatrix {
             -0.010101,0.001689,0.999948,0.000000,0.088042,0.996117,-0.000793,0.000000,-0.996066,0.088029,-0.010211,0.000000,11.180107,0.559181,-1.154025,1.000000;;
            }

            Frame Bip001_R_Finger21 {
             

             FrameTransformMatrix {
              0.394783,0.000000,0.918774,0.000000,-0.000000,1.000000,0.000000,0.000000,-0.918774,0.000000,0.394783,0.000000,3.822816,0.000000,0.000000,1.000000;;
             }
            }
           }

           Frame Bip001_R_Finger3 {
            

            FrameTransformMatrix {
             -0.069789,0.023996,0.997273,0.000000,0.315476,0.948933,-0.000756,0.000000,-0.946364,0.314563,-0.073795,0.000000,11.107719,-1.884804,-0.912651,1.000000;;
            }

            Frame Bip001_R_Finger31 {
             

             FrameTransformMatrix {
              0.394783,0.000000,0.918774,0.000000,0.000000,1.000000,0.000000,0.000000,-0.918775,0.000000,0.394783,0.000000,3.276701,0.000000,0.000000,1.000000;;
             }
            }
           }

           Frame Bip001_R_Finger4 {
            

            FrameTransformMatrix {
             -0.145845,0.045875,0.988243,0.000000,0.295358,0.955387,-0.000761,0.000000,-0.944189,0.291774,-0.152888,0.000000,10.854774,-4.349617,0.126102,1.000000;;
            }

            Frame Bip001_R_Finger41 {
             

             FrameTransformMatrix {
              0.394783,-0.000000,0.918774,0.000000,0.000000,1.000000,0.000000,0.000000,-0.918774,-0.000000,0.394783,0.000000,2.109484,0.000000,-0.000008,1.000000;;
             }
            }
           }
          }
         }
        }
       }

       Frame Bip001_Head {
        

        FrameTransformMatrix {
         0.971061,0.113152,-0.210326,0.000000,-0.238823,0.467607,-0.851063,0.000000,0.002051,0.876665,0.481098,0.000000,8.425079,-0.000000,0.000000,1.000000;;
        }
       }
      }
     }
    }
   }

   Frame Bip001_L_Thigh {
    

    FrameTransformMatrix {
     -0.949343,-0.059662,0.308525,0.000000,0.119767,-0.976401,0.179714,0.000000,0.290522,0.207561,0.934085,0.000000,-9.980812,8.777610,-0.802963,1.000000;;
    }

    Frame Bip001_L_Calf {
     

     FrameTransformMatrix {
      0.867522,-0.000000,-0.497400,0.000000,0.000000,1.000000,0.000000,0.000000,0.497400,0.000000,0.867522,0.000000,43.689318,-0.000002,0.000000,1.000000;;
     }

     Frame Bip001_L_Foot {
      

      FrameTransformMatrix {
       0.970833,0.179333,0.159132,0.000000,-0.189666,0.980461,0.052188,0.000000,-0.146664,-0.080848,0.985877,0.000000,43.689331,-0.000002,0.000002,1.000000;;
      }

      Frame Bip001_L_Toe0 {
       

       FrameTransformMatrix {
        -0.164235,0.011246,0.986357,0.000000,0.001850,0.999937,-0.011093,0.000000,-0.986420,0.000003,-0.164245,0.000000,10.048545,0.000000,12.932050,1.000000;;
       }

       Frame Bip001_L_Toe01 {
        

        FrameTransformMatrix {
         1.000000,0.000000,0.000000,0.000000,0.000000,1.000000,0.000000,0.000000,0.000000,0.000000,1.000000,0.000000,1.310681,0.000002,0.000000,1.000000;;
        }

        Frame Bip001_L_Toe02 {
         

         FrameTransformMatrix {
          1.000000,0.000000,0.000000,0.000000,0.000000,1.000000,0.000000,0.000000,0.000000,0.000000,1.000000,0.000000,1.310679,0.000000,-0.000000,1.000000;;
         }
        }
       }
      }
     }
    }
   }

   Frame Bip001_R_Thigh {
    

    FrameTransformMatrix {
     -0.769335,-0.313409,0.556685,0.000000,0.440452,-0.891395,0.106853,0.000000,0.462737,0.327399,0.823823,0.000000,-10.038430,-8.374737,2.542841,1.000000;;
    }

    Frame Bip001_R_Calf {
     

     FrameTransformMatrix {
      0.739033,-0.000000,-0.673669,0.000000,0.000000,1.000000,-0.000000,0.000000,0.673669,-0.000000,0.739033,0.000000,43.689328,0.000002,0.000000,1.000000;;
     }

     Frame Bip001_R_Foot {
      

      FrameTransformMatrix {
       0.934167,-0.175381,0.310762,0.000000,0.239725,0.953535,-0.182491,0.000000,-0.264317,0.244974,0.932805,0.000000,43.689325,-0.000002,-0.000004,1.000000;;
      }

      Frame Bip001_R_Toe0 {
       

       FrameTransformMatrix {
        0.000000,-0.024178,0.999708,0.000000,0.000001,0.999708,0.024178,0.000000,-1.000000,0.000001,0.000000,0.000000,10.048544,-0.000004,12.932050,1.000000;;
       }

       Frame Bip001_R_Toe01 {
        

        FrameTransformMatrix {
         1.000000,0.000000,0.000000,0.000000,0.000000,1.000000,-0.000000,0.000000,0.000000,-0.000000,1.000000,0.000000,1.310682,0.000002,0.000000,1.000000;;
        }

        Frame Bip001_R_Toe02 {
         

         FrameTransformMatrix {
          1.000000,0.000000,0.000000,0.000000,0.000000,1.000000,-0.000000,0.000000,0.000000,-0.000000,1.000000,0.000000,1.310679,-0.000002,0.000000,1.000000;;
         }
        }
       }
      }
     }
    }
   }
  }
 }
}

Frame koji {
 

 FrameTransformMatrix {
  50.000000,0.000000,0.000000,0.000000,0.000000,50.000000,0.000000,0.000000,0.000000,0.000000,50.000000,0.000000,0.000000,0.000000,0.000000,1.000000;;
 }

 Mesh koji {
  20922;
  0.004658;1.853750;0.016404;,
  0.000000;1.876538;-0.106473;,
  0.045446;1.878825;-0.077089;,
  0.072687;1.908790;-0.114064;,
  0.044332;1.913865;-0.138913;,
  0.106868;1.978685;-0.149309;,
  0.044332;1.913865;-0.138913;,
  0.072687;1.908790;-0.114064;,
  0.000000;1.876538;-0.106473;,
  0.273805;2.252855;-0.086098;,
  0.247326;2.154695;-0.139050;,
  0.225976;2.218755;-0.145510;,
  0.045446;1.878825;-0.077089;,
  0.014850;1.856350;0.015069;,
  0.004658;1.853750;0.016404;,
  0.014850;1.856350;0.015069;,
  0.045446;1.878825;-0.077089;,
  0.019300;1.854015;0.016637;,
  0.022549;1.969325;-0.172181;,
  0.106868;1.978685;-0.149309;,
  0.044332;1.913865;-0.138913;,
  0.072687;1.908790;-0.114064;,
  0.053710;1.893535;-0.100554;,
  0.000000;1.876538;-0.106473;,
  0.053710;1.893535;-0.100554;,
  0.045446;1.878825;-0.077089;,
  0.000000;1.876538;-0.106473;,
  0.065077;1.899315;-0.106085;,
  0.053710;1.893535;-0.100554;,
  0.072687;1.908790;-0.114064;,
  0.053710;1.893535;-0.100554;,
  0.065077;1.899315;-0.106085;,
  0.045446;1.878825;-0.077089;,
  0.225976;2.218755;-0.145510;,
  0.247326;2.154695;-0.139050;,
  0.198675;2.206195;-0.157139;,
  0.273805;2.252855;-0.086098;,
  0.289702;2.348350;0.023545;,
  0.353126;1.617070;-0.160633;,
  0.013364;1.855005;0.051949;,
  0.014850;1.856350;0.015069;,
  0.019300;1.854015;0.016637;,
  0.014850;1.856350;0.015069;,
  0.013364;1.855005;0.051949;,
  0.004658;1.853750;0.016404;,
  0.011582;2.203345;0.194744;,
  -0.000000;1.908831;0.142465;,
  0.003081;1.977065;0.210059;,
  0.023032;1.908115;0.207495;,
  0.003081;1.977065;0.210059;,
  -0.000000;1.908831;0.142465;,
  0.010797;1.865650;0.133774;,
  0.000000;1.888651;0.120935;,
  0.002890;1.870770;0.097219;,
  0.078796;2.106725;0.261531;,
  0.191750;2.244055;0.182811;,
  0.011582;2.203345;0.194744;,
  0.003081;1.977065;0.210059;,
  0.023032;1.908115;0.207495;,
  0.058013;1.984545;0.263455;,
  0.078796;2.106725;0.261531;,
  0.058013;1.984545;0.263455;,
  0.129605;1.995320;0.274254;,
  0.380660;1.563355;-0.072548;,
  0.289702;2.348350;0.023545;,
  0.248680;2.113520;0.193106;,
  0.163973;2.046855;0.267670;,
  0.078796;2.106725;0.261531;,
  0.129605;1.995320;0.274254;,
  0.191750;2.244055;0.182811;,
  0.248680;2.113520;0.193106;,
  0.246278;2.423060;0.075099;,
  0.248680;2.113520;0.193106;,
  0.191750;2.244055;0.182811;,
  0.163973;2.046855;0.267670;,
  0.191750;2.244055;0.182811;,
  0.078796;2.106725;0.261531;,
  0.163973;2.046855;0.267670;,
  0.166401;1.849570;0.223993;,
  0.058013;1.984545;0.263455;,
  0.023032;1.908115;0.207495;,
  0.129605;1.995320;0.274254;,
  0.058013;1.984545;0.263455;,
  0.166401;1.849570;0.223993;,
  0.248680;2.113520;0.193106;,
  0.163973;2.046855;0.267670;,
  0.246445;1.873950;0.205858;,
  0.246445;1.873950;0.205858;,
  0.163973;2.046855;0.267670;,
  0.129605;1.995320;0.274254;,
  0.129605;1.995320;0.274254;,
  0.166401;1.849570;0.223993;,
  0.246445;1.873950;0.205858;,
  0.003081;1.977065;0.210059;,
  0.058013;1.984545;0.263455;,
  0.011582;2.203345;0.194744;,
  0.058013;1.984545;0.263455;,
  0.078796;2.106725;0.261531;,
  0.011582;2.203345;0.194744;,
  0.023032;1.908115;0.207495;,
  0.000000;1.888651;0.120935;,
  0.010797;1.865650;0.133774;,
  0.198675;2.206195;-0.157139;,
  0.247326;2.154695;-0.139050;,
  0.237285;1.997030;-0.164131;,
  0.247326;2.154695;-0.139050;,
  0.273805;2.252855;-0.086098;,
  0.353126;1.617070;-0.160633;,
  0.353126;1.617070;-0.160633;,
  0.289702;2.348350;0.023545;,
  0.380660;1.563355;-0.072548;,
  0.198675;2.206195;-0.157139;,
  0.148068;1.950485;-0.145714;,
  0.106868;1.978685;-0.149309;,
  0.148068;1.950485;-0.145714;,
  0.072687;1.908790;-0.114064;,
  0.106868;1.978685;-0.149309;,
  0.008520;2.277290;-0.227288;,
  0.003365;2.265100;-0.226655;,
  0.000868;2.270375;-0.220154;,
  0.003365;2.265100;-0.226655;,
  0.008520;2.277290;-0.227288;,
  0.007459;2.256445;-0.231850;,
  0.000000;2.258527;-0.229628;,
  0.007459;2.256445;-0.231850;,
  0.000000;2.234287;-0.228970;,
  0.008520;2.277290;-0.227288;,
  0.024340;2.284970;-0.236170;,
  0.007459;2.256445;-0.231850;,
  0.000000;2.309127;-0.231386;,
  0.003145;2.299355;-0.228451;,
  0.000000;2.300721;-0.228304;,
  0.000000;2.309127;-0.231386;,
  0.016516;2.310110;-0.236092;,
  0.003145;2.299355;-0.228451;,
  0.016516;2.310110;-0.236092;,
  0.000000;2.309127;-0.231386;,
  0.049528;2.386670;-0.239685;,
  0.003145;2.299355;-0.228451;,
  0.016516;2.310110;-0.236092;,
  0.024340;2.284970;-0.236170;,
  0.024340;2.284970;-0.236170;,
  0.016516;2.310110;-0.236092;,
  0.049528;2.386670;-0.239685;,
  0.003314;2.294315;-0.224873;,
  0.000352;2.297299;-0.221314;,
  0.001620;2.296975;-0.224777;,
  0.000352;2.297299;-0.221314;,
  0.003314;2.294315;-0.224873;,
  0.001578;2.294560;-0.221454;,
  0.000000;2.297845;-0.224808;,
  0.003145;2.299355;-0.228451;,
  0.001620;2.296975;-0.224777;,
  0.003145;2.299355;-0.228451;,
  0.000000;2.297845;-0.224808;,
  0.000000;2.300721;-0.228304;,
  0.003145;2.299355;-0.228451;,
  0.003314;2.294315;-0.224873;,
  0.001620;2.296975;-0.224777;,
  0.003314;2.294315;-0.224873;,
  0.003145;2.299355;-0.228451;,
  0.024340;2.284970;-0.236170;,
  0.002178;2.279405;-0.220847;,
  0.003314;2.294315;-0.224873;,
  0.008520;2.277290;-0.227288;,
  0.003314;2.294315;-0.224873;,
  0.002178;2.279405;-0.220847;,
  0.001578;2.294560;-0.221454;,
  0.008520;2.277290;-0.227288;,
  0.003314;2.294315;-0.224873;,
  0.024340;2.284970;-0.236170;,
  0.008520;2.277290;-0.227288;,
  0.000868;2.270375;-0.220154;,
  0.002178;2.279405;-0.220847;,
  0.003365;2.265100;-0.226655;,
  0.000000;2.266403;-0.223331;,
  0.000868;2.270375;-0.220154;,
  0.000000;2.266403;-0.223331;,
  0.003365;2.265100;-0.226655;,
  0.000000;2.258527;-0.229628;,
  0.001449;2.297605;-0.217715;,
  0.002077;2.295455;-0.219041;,
  0.002942;2.295280;-0.217717;,
  0.000000;2.298280;-0.219056;,
  0.001449;2.297605;-0.217715;,
  0.000000;2.297878;-0.217716;,
  0.000352;2.297299;-0.221314;,
  0.002077;2.295455;-0.219041;,
  0.001449;2.297605;-0.217715;,
  0.002077;2.295455;-0.219041;,
  0.000352;2.297299;-0.221314;,
  0.001578;2.294560;-0.221454;,
  0.004242;2.281165;-0.216906;,
  0.001563;2.273075;-0.216121;,
  0.000000;2.272537;-0.216081;,
  0.001563;2.273075;-0.216121;,
  -0.000000;2.270516;-0.217524;,
  0.000000;2.272537;-0.216081;,
  0.002261;2.274865;-0.217959;,
  0.001563;2.273075;-0.216121;,
  0.004242;2.281165;-0.216906;,
  0.002261;2.274865;-0.217959;,
  0.000868;2.270375;-0.220154;,
  0.001563;2.273075;-0.216121;,
  0.000868;2.270375;-0.220154;,
  0.002261;2.274865;-0.217959;,
  0.002178;2.279405;-0.220847;,
  0.000868;2.270375;-0.220154;,
  -0.000000;2.270516;-0.217524;,
  0.001563;2.273075;-0.216121;,
  -0.000000;2.270516;-0.217524;,
  0.000868;2.270375;-0.220154;,
  0.000000;2.266403;-0.223331;,
  0.003146;2.286125;-0.218731;,
  0.002261;2.274865;-0.217959;,
  0.004242;2.281165;-0.216906;,
  0.003146;2.286125;-0.218731;,
  0.002178;2.279405;-0.220847;,
  0.002261;2.274865;-0.217959;,
  0.002178;2.279405;-0.220847;,
  0.003146;2.286125;-0.218731;,
  0.001578;2.294560;-0.221454;,
  0.001449;2.297605;-0.217715;,
  0.004162;2.291770;-0.217607;,
  0.004242;2.281165;-0.216906;,
  0.004162;2.291770;-0.217607;,
  0.001449;2.297605;-0.217715;,
  0.002942;2.295280;-0.217717;,
  0.004162;2.291770;-0.217607;,
  0.003146;2.286125;-0.218731;,
  0.004242;2.281165;-0.216906;,
  0.004162;2.291770;-0.217607;,
  0.002077;2.295455;-0.219041;,
  0.003146;2.286125;-0.218731;,
  0.002077;2.295455;-0.219041;,
  0.004162;2.291770;-0.217607;,
  0.002942;2.295280;-0.217717;,
  0.001578;2.294560;-0.221454;,
  0.003146;2.286125;-0.218731;,
  0.002077;2.295455;-0.219041;,
  0.049528;2.386670;-0.239685;,
  0.098292;2.248275;-0.214248;,
  0.024340;2.284970;-0.236170;,
  0.098292;2.248275;-0.214248;,
  0.049528;2.386670;-0.239685;,
  0.195608;2.459080;-0.162062;,
  0.022549;1.969325;-0.172181;,
  0.024340;2.284970;-0.236170;,
  0.106868;1.978685;-0.149309;,
  0.289702;2.348350;0.023545;,
  0.283926;2.289150;-0.093332;,
  0.268582;2.474695;-0.070180;,
  0.283926;2.289150;-0.093332;,
  0.289702;2.348350;0.023545;,
  0.273805;2.252855;-0.086098;,
  0.198675;2.206195;-0.157139;,
  0.239538;2.283105;-0.153484;,
  0.225976;2.218755;-0.145510;,
  0.283926;2.289150;-0.093332;,
  0.239538;2.283105;-0.153484;,
  0.268582;2.474695;-0.070180;,
  0.265430;2.261355;-0.116445;,
  0.239538;2.283105;-0.153484;,
  0.283926;2.289150;-0.093332;,
  0.239538;2.283105;-0.153484;,
  0.265430;2.261355;-0.116445;,
  0.225976;2.218755;-0.145510;,
  0.106868;1.978685;-0.149309;,
  0.098292;2.248275;-0.214248;,
  0.198675;2.206195;-0.157139;,
  0.076087;2.275885;0.183711;,
  0.246278;2.423060;0.075099;,
  0.235265;2.571130;0.122421;,
  0.007421;2.456420;0.168567;,
  0.037832;2.385160;0.177564;,
  0.235265;2.571130;0.122421;,
  0.289702;2.348350;0.023545;,
  0.246278;2.423060;0.075099;,
  0.248680;2.113520;0.193106;,
  0.037832;2.385160;0.177564;,
  0.076087;2.275885;0.183711;,
  0.235265;2.571130;0.122421;,
  0.076087;2.275885;0.183711;,
  0.037832;2.385160;0.177564;,
  0.011582;2.203345;0.194744;,
  0.000030;2.267204;0.179563;,
  0.011582;2.203345;0.194744;,
  0.037832;2.385160;0.177564;,
  0.000035;2.306195;0.171270;,
  0.000030;2.267204;0.179563;,
  0.037832;2.385160;0.177564;,
  0.011582;2.203345;0.194744;,
  0.000030;2.267204;0.179563;,
  0.000017;2.234418;0.185565;,
  0.024340;2.284970;-0.236170;,
  0.098292;2.248275;-0.214248;,
  0.106868;1.978685;-0.149309;,
  0.239538;2.283105;-0.153484;,
  0.195608;2.459080;-0.162062;,
  0.268582;2.474695;-0.070180;,
  0.195608;2.459080;-0.162062;,
  0.239538;2.283105;-0.153484;,
  0.098292;2.248275;-0.214248;,
  0.198675;2.206195;-0.157139;,
  0.098292;2.248275;-0.214248;,
  0.239538;2.283105;-0.153484;,
  0.076087;2.275885;0.183711;,
  0.191750;2.244055;0.182811;,
  0.246278;2.423060;0.075099;,
  0.191750;2.244055;0.182811;,
  0.076087;2.275885;0.183711;,
  0.011582;2.203345;0.194744;,
  0.273805;2.252855;-0.086098;,
  0.265430;2.261355;-0.116445;,
  0.283926;2.289150;-0.093332;,
  0.265430;2.261355;-0.116445;,
  0.273805;2.252855;-0.086098;,
  0.225976;2.218755;-0.145510;,
  0.289702;2.348350;0.023545;,
  0.268582;2.474695;-0.070180;,
  0.246278;2.423060;0.075099;,
  0.000035;2.306195;0.171270;,
  0.037832;2.385160;0.177564;,
  0.007421;2.456420;0.168567;,
  0.164020;2.617520;-0.251580;,
  0.195608;2.459080;-0.162062;,
  0.049528;2.386670;-0.239685;,
  0.195608;2.459080;-0.162062;,
  0.244029;2.592625;-0.173258;,
  0.268582;2.474695;-0.070180;,
  0.244029;2.592625;-0.173258;,
  0.195608;2.459080;-0.162062;,
  0.164020;2.617520;-0.251580;,
  0.244029;2.592625;-0.173258;,
  0.269996;2.769725;-0.167147;,
  0.314321;2.719800;-0.037622;,
  0.268582;2.474695;-0.070180;,
  0.314321;2.719800;-0.037622;,
  0.321588;2.679600;0.044896;,
  0.314321;2.719800;-0.037622;,
  0.268582;2.474695;-0.070180;,
  0.244029;2.592625;-0.173258;,
  0.214974;2.746505;-0.229681;,
  0.269996;2.769725;-0.167147;,
  0.244029;2.592625;-0.173258;,
  0.164020;2.617520;-0.251580;,
  0.214974;2.746505;-0.229681;,
  0.244029;2.592625;-0.173258;,
  0.214974;2.746505;-0.229681;,
  0.164020;2.617520;-0.251580;,
  0.065012;2.655835;-0.296263;,
  0.000000;2.685782;-0.288118;,
  0.065012;2.655835;-0.296263;,
  0.000000;2.565419;-0.274468;,
  0.049528;2.386670;-0.239685;,
  0.065012;2.655835;-0.296263;,
  0.164020;2.617520;-0.251580;,
  0.029912;3.014830;-0.187957;,
  0.015314;3.073415;-0.132487;,
  0.176667;3.019905;-0.167698;,
  0.015314;3.073415;-0.132487;,
  0.029912;3.014830;-0.187957;,
  0.000000;3.070749;-0.132157;,
  0.027887;2.816225;-0.268090;,
  0.029912;3.014830;-0.187957;,
  0.176667;3.019905;-0.167698;,
  0.029912;3.014830;-0.187957;,
  0.027887;2.816225;-0.268090;,
  -0.002182;2.893365;-0.236568;,
  0.136061;3.098185;-0.119533;,
  0.049638;3.089375;-0.108537;,
  0.236890;3.127545;-0.026173;,
  0.049638;3.089375;-0.108537;,
  0.136061;3.098185;-0.119533;,
  0.015314;3.073415;-0.132487;,
  0.236890;3.127545;-0.026173;,
  0.121956;3.225435;0.014026;,
  0.276971;3.160580;0.070856;,
  0.121956;3.225435;0.014026;,
  0.236890;3.127545;-0.026173;,
  0.049638;3.089375;-0.108537;,
  0.235265;2.571130;0.122421;,
  0.089095;2.755115;0.230452;,
  0.007421;2.456420;0.168567;,
  0.000000;3.082571;0.201954;,
  0.000035;3.049840;0.214674;,
  0.083147;3.031325;0.251448;,
  0.276560;3.107255;0.187216;,
  0.083147;3.031325;0.251448;,
  0.227488;3.008345;0.249907;,
  0.083147;3.031325;0.251448;,
  0.276560;3.107255;0.187216;,
  0.081210;3.202770;0.139373;,
  0.083147;3.031325;0.251448;,
  0.081210;3.202770;0.139373;,
  0.000000;3.082571;0.201954;,
  0.321588;2.679600;0.044896;,
  0.223377;2.720645;0.183323;,
  0.235265;2.571130;0.122421;,
  0.159256;2.819275;0.247351;,
  0.223377;2.720645;0.183323;,
  0.356246;2.897680;0.163649;,
  0.223377;2.720645;0.183323;,
  0.159256;2.819275;0.247351;,
  0.235265;2.571130;0.122421;,
  0.065012;2.655835;-0.296263;,
  0.049528;2.386670;-0.239685;,
  0.000000;2.565419;-0.274468;,
  0.127944;2.749015;0.219781;,
  0.095780;2.794065;0.228265;,
  0.089095;2.755115;0.230452;,
  0.061831;2.809165;0.248764;,
  0.089095;2.755115;0.230452;,
  0.095780;2.794065;0.228265;,
  0.089095;2.755115;0.230452;,
  0.061831;2.809165;0.248764;,
  0.030764;2.716165;0.222188;,
  0.030764;2.716165;0.222188;,
  0.007421;2.456420;0.168567;,
  0.089095;2.755115;0.230452;,
  0.235265;2.571130;0.122421;,
  0.246278;2.423060;0.075099;,
  0.321588;2.679600;0.044896;,
  0.268582;2.474695;-0.070180;,
  0.321588;2.679600;0.044896;,
  0.246278;2.423060;0.075099;,
  0.000095;2.883810;0.230622;,
  0.030764;2.716165;0.222188;,
  0.061831;2.809165;0.248764;,
  0.000038;2.941535;0.227929;,
  0.000095;2.883810;0.230622;,
  0.061831;2.809165;0.248764;,
  0.127944;2.749015;0.219781;,
  0.235265;2.571130;0.122421;,
  0.159256;2.819275;0.247351;,
  0.235265;2.571130;0.122421;,
  0.127944;2.749015;0.219781;,
  0.089095;2.755115;0.230452;,
  0.000000;3.083157;-0.114445;,
  -0.000000;3.105195;-0.116032;,
  0.031788;3.135630;-0.112886;,
  0.031788;3.135630;-0.112886;,
  0.049638;3.089375;-0.108537;,
  0.021577;3.083855;-0.122389;,
  0.049638;3.089375;-0.108537;,
  0.031788;3.135630;-0.112886;,
  0.084818;3.254810;-0.079859;,
  0.031788;3.135630;-0.112886;,
  0.021577;3.083855;-0.122389;,
  0.012286;3.085495;-0.119188;,
  0.006737;3.074400;-0.127622;,
  0.012286;3.085495;-0.119188;,
  0.021577;3.083855;-0.122389;,
  0.012286;3.085495;-0.119188;,
  0.006737;3.074400;-0.127622;,
  0.005842;3.075930;-0.122469;,
  0.000039;3.074013;-0.120881;,
  0.006737;3.074400;-0.127622;,
  0.000000;3.070749;-0.132157;,
  0.006737;3.074400;-0.127622;,
  0.000039;3.074013;-0.120881;,
  0.005842;3.075930;-0.122469;,
  0.000039;3.074013;-0.120881;,
  0.012286;3.085495;-0.119188;,
  0.005842;3.075930;-0.122469;,
  0.006737;3.074400;-0.127622;,
  0.021577;3.083855;-0.122389;,
  0.015314;3.073415;-0.132487;,
  0.015314;3.073415;-0.132487;,
  0.021577;3.083855;-0.122389;,
  0.049638;3.089375;-0.108537;,
  0.084818;3.254810;-0.079859;,
  0.031788;3.135630;-0.112886;,
  0.036727;3.232680;-0.137894;,
  0.036727;3.232680;-0.137894;,
  -0.008673;3.190860;-0.134690;,
  0.000000;3.243455;-0.156208;,
  0.031788;3.135630;-0.112886;,
  -0.008673;3.190860;-0.134690;,
  0.036727;3.232680;-0.137894;,
  0.031788;3.135630;-0.112886;,
  -0.000000;3.105195;-0.116032;,
  -0.008673;3.190860;-0.134690;,
  0.111605;3.251775;0.070848;,
  0.038196;3.262920;0.101748;,
  0.081210;3.202770;0.139373;,
  0.081210;3.202770;0.139373;,
  0.276560;3.107255;0.187216;,
  0.111605;3.251775;0.070848;,
  0.110797;3.300180;-0.027528;,
  0.121956;3.225435;0.014026;,
  0.049638;3.089375;-0.108537;,
  0.121956;3.225435;0.014026;,
  0.110797;3.300180;-0.027528;,
  0.111605;3.251775;0.070848;,
  0.110797;3.300180;-0.027528;,
  0.084818;3.254810;-0.079859;,
  0.096867;3.310375;-0.091528;,
  0.084818;3.254810;-0.079859;,
  0.110797;3.300180;-0.027528;,
  0.049638;3.089375;-0.108537;,
  0.064656;3.724085;-0.030060;,
  0.118626;3.686380;-0.052118;,
  0.038670;3.723550;-0.097612;,
  0.118626;3.686380;-0.052118;,
  0.143384;3.647115;0.021036;,
  0.144599;3.626265;-0.083424;,
  0.037316;3.421610;0.088903;,
  0.094066;3.571375;0.110796;,
  0.000000;3.435419;0.101944;,
  0.094066;3.571375;0.110796;,
  0.120380;3.645830;0.069332;,
  0.019308;3.642585;0.121493;,
  0.120380;3.645830;0.069332;,
  0.094066;3.571375;0.110796;,
  0.157094;3.600450;0.000529;,
  0.094066;3.571375;0.110796;,
  0.147075;3.510320;0.025886;,
  0.157094;3.600450;0.000529;,
  0.147075;3.510320;0.025886;,
  0.131030;3.423110;0.006307;,
  0.149112;3.454265;-0.010021;,
  0.120380;3.645830;0.069332;,
  0.000000;3.699623;0.079139;,
  0.019308;3.642585;0.121493;,
  0.143384;3.647115;0.021036;,
  0.157094;3.600450;0.000529;,
  0.144599;3.626265;-0.083424;,
  0.102723;3.341995;0.029979;,
  0.037316;3.421610;0.088903;,
  0.018237;3.346800;0.077311;,
  0.037316;3.421610;0.088903;,
  0.114113;3.396950;0.015783;,
  0.131030;3.423110;0.006307;,
  0.114113;3.396950;0.015783;,
  0.037316;3.421610;0.088903;,
  0.102723;3.341995;0.029979;,
  0.131030;3.423110;0.006307;,
  0.131532;3.410245;-0.009530;,
  0.149112;3.454265;-0.010021;,
  0.102723;3.341995;0.029979;,
  0.018237;3.346800;0.077311;,
  0.038196;3.262920;0.101748;,
  0.114113;3.396950;0.015783;,
  0.131532;3.410245;-0.009530;,
  0.131030;3.423110;0.006307;,
  0.032094;3.697255;-0.176311;,
  -0.014113;3.717550;-0.139728;,
  0.038670;3.723550;-0.097612;,
  0.032094;3.697255;-0.176311;,
  0.038670;3.723550;-0.097612;,
  0.118626;3.686380;-0.052118;,
  0.032094;3.697255;-0.176311;,
  0.118626;3.686380;-0.052118;,
  0.144599;3.626265;-0.083424;,
  0.084818;3.254810;-0.079859;,
  0.058609;3.276850;-0.132352;,
  0.096867;3.310375;-0.091528;,
  0.058609;3.276850;-0.132352;,
  0.084818;3.254810;-0.079859;,
  0.036727;3.232680;-0.137894;,
  0.147075;3.510320;0.025886;,
  0.037316;3.421610;0.088903;,
  0.131030;3.423110;0.006307;,
  0.147075;3.510320;0.025886;,
  0.094066;3.571375;0.110796;,
  0.037316;3.421610;0.088903;,
  0.143384;3.647115;0.021036;,
  0.120380;3.645830;0.069332;,
  0.157094;3.600450;0.000529;,
  0.120380;3.645830;0.069332;,
  0.143384;3.647115;0.021036;,
  0.118626;3.686380;-0.052118;,
  0.042975;3.717325;0.035538;,
  0.000000;3.699623;0.079139;,
  0.120380;3.645830;0.069332;,
  0.120380;3.645830;0.069332;,
  0.064656;3.724085;-0.030060;,
  0.042975;3.717325;0.035538;,
  0.064656;3.724085;-0.030060;,
  0.120380;3.645830;0.069332;,
  0.118626;3.686380;-0.052118;,
  0.112177;3.330425;0.017172;,
  0.102723;3.341995;0.029979;,
  0.111605;3.251775;0.070848;,
  0.112177;3.330425;0.017172;,
  0.114113;3.396950;0.015783;,
  0.102723;3.341995;0.029979;,
  0.112177;3.330425;0.017172;,
  0.131532;3.410245;-0.009530;,
  0.114113;3.396950;0.015783;,
  0.110797;3.300180;-0.027528;,
  0.112177;3.330425;0.017172;,
  0.111605;3.251775;0.070848;,
  0.110797;3.300180;-0.027528;,
  0.131532;3.410245;-0.009530;,
  0.112177;3.330425;0.017172;,
  0.038196;3.262920;0.101748;,
  0.111605;3.251775;0.070848;,
  0.102723;3.341995;0.029979;,
  0.110797;3.300180;-0.027528;,
  0.120951;3.390835;-0.066842;,
  0.131532;3.410245;-0.009530;,
  0.120951;3.390835;-0.066842;,
  0.129344;3.409405;-0.064593;,
  0.125665;3.406425;-0.061665;,
  0.129344;3.409405;-0.064593;,
  0.120951;3.390835;-0.066842;,
  0.130013;3.396475;-0.071660;,
  0.133008;3.425585;-0.050125;,
  0.129344;3.409405;-0.064593;,
  0.133332;3.420915;-0.059624;,
  0.129344;3.409405;-0.064593;,
  0.133008;3.425585;-0.050125;,
  0.125665;3.406425;-0.061665;,
  0.137365;3.418730;-0.060582;,
  0.129344;3.409405;-0.064593;,
  0.130013;3.396475;-0.071660;,
  0.129344;3.409405;-0.064593;,
  0.137365;3.418730;-0.060582;,
  0.133332;3.420915;-0.059624;,
  0.147618;3.518320;-0.102795;,
  0.153038;3.509310;-0.051550;,
  0.151886;3.508720;-0.063422;,
  0.153038;3.509310;-0.051550;,
  0.147618;3.518320;-0.102795;,
  0.157094;3.600450;0.000529;,
  0.157094;3.600450;0.000529;,
  0.147618;3.518320;-0.102795;,
  0.144599;3.626265;-0.083424;,
  0.144703;3.486620;-0.082727;,
  0.151083;3.507525;-0.072823;,
  0.167331;3.510185;-0.066810;,
  0.151083;3.507525;-0.072823;,
  0.144703;3.486620;-0.082727;,
  0.147618;3.518320;-0.102795;,
  0.147618;3.518320;-0.102795;,
  0.151886;3.508720;-0.063422;,
  0.151083;3.507525;-0.072823;,
  0.157094;3.600450;0.000529;,
  0.153878;3.506580;-0.040642;,
  0.153038;3.509310;-0.051550;,
  0.157094;3.600450;0.000529;,
  0.153238;3.500965;-0.033048;,
  0.153878;3.506580;-0.040642;,
  0.129621;3.388200;-0.140410;,
  0.147618;3.518320;-0.102795;,
  0.137908;3.416215;-0.084339;,
  0.120951;3.390835;-0.066842;,
  0.127773;3.364355;-0.098418;,
  0.130013;3.396475;-0.071660;,
  0.120951;3.390835;-0.066842;,
  0.096867;3.310375;-0.091528;,
  0.127773;3.364355;-0.098418;,
  0.129621;3.388200;-0.140410;,
  0.137908;3.416215;-0.084339;,
  0.134115;3.399595;-0.081155;,
  0.147075;3.510320;0.025886;,
  0.151424;3.479900;-0.026892;,
  0.153238;3.500965;-0.033048;,
  0.149112;3.454265;-0.010021;,
  0.144702;3.446700;-0.030382;,
  0.148930;3.461445;-0.025434;,
  0.137908;3.416215;-0.084339;,
  0.147618;3.518320;-0.102795;,
  0.141995;3.466715;-0.083762;,
  0.147075;3.510320;0.025886;,
  0.153238;3.500965;-0.033048;,
  0.157094;3.600450;0.000529;,
  0.150275;3.470175;-0.024848;,
  0.149112;3.454265;-0.010021;,
  0.148930;3.461445;-0.025434;,
  0.150275;3.470175;-0.024848;,
  0.147075;3.510320;0.025886;,
  0.149112;3.454265;-0.010021;,
  0.150275;3.470175;-0.024848;,
  0.151424;3.479900;-0.026892;,
  0.147075;3.510320;0.025886;,
  0.120951;3.390835;-0.066842;,
  0.133008;3.425585;-0.050125;,
  0.131532;3.410245;-0.009530;,
  0.120951;3.390835;-0.066842;,
  0.125665;3.406425;-0.061665;,
  0.133008;3.425585;-0.050125;,
  0.136193;3.429515;-0.044780;,
  0.131532;3.410245;-0.009530;,
  0.133008;3.425585;-0.050125;,
  0.131532;3.410245;-0.009530;,
  0.136193;3.429515;-0.044780;,
  0.140736;3.437710;-0.036047;,
  0.144702;3.446700;-0.030382;,
  0.131532;3.410245;-0.009530;,
  0.140736;3.437710;-0.036047;,
  0.131532;3.410245;-0.009530;,
  0.144702;3.446700;-0.030382;,
  0.149112;3.454265;-0.010021;,
  0.144703;3.486620;-0.082727;,
  0.141995;3.466715;-0.083762;,
  0.147618;3.518320;-0.102795;,
  0.130778;3.444225;-0.072981;,
  0.128918;3.444255;-0.074781;,
  0.127568;3.445260;-0.072919;,
  0.130778;3.444225;-0.072981;,
  0.130459;3.443125;-0.076639;,
  0.128918;3.444255;-0.074781;,
  0.130778;3.444225;-0.072981;,
  0.127568;3.445260;-0.072919;,
  0.129541;3.446675;-0.071139;,
  0.130436;3.444285;-0.077687;,
  0.128719;3.444205;-0.076309;,
  0.130459;3.443125;-0.076639;,
  0.128719;3.444205;-0.076309;,
  0.130436;3.444285;-0.077687;,
  0.128698;3.445140;-0.077381;,
  0.128719;3.444205;-0.076309;,
  0.128918;3.444255;-0.074781;,
  0.130459;3.443125;-0.076639;,
  0.129298;3.449955;-0.077767;,
  0.128698;3.445140;-0.077381;,
  0.130436;3.444285;-0.077687;,
  0.139555;3.460160;-0.071974;,
  0.137162;3.460420;-0.070654;,
  0.122236;3.459465;-0.070845;,
  0.133302;3.455450;-0.068140;,
  0.122340;3.459115;-0.069809;,
  0.134663;3.459710;-0.069577;,
  0.137162;3.460420;-0.070654;,
  0.122340;3.459115;-0.069809;,
  0.122236;3.459465;-0.070845;,
  0.122340;3.459115;-0.069809;,
  0.137162;3.460420;-0.070654;,
  0.134663;3.459710;-0.069577;,
